-0.62486836, -0.74840709, -0.76440734, -0.74750775, -0.72681656, -0.76913245, -0.76440734, -0.74840709, -0.68346836
-0.74840709, -0.61936937, -0.76135328, -0.76861348, -0.71497272, -0.74387102, -0.76135328, -0.68186937, -0.74840709
-0.76440734, -0.76135328, -0.62249046, -0.72079787, -0.76839733, -0.71783639, -0.68009046, -0.76135328, -0.76440734
-0.74750775, -0.76861348, -0.72079787, -0.68099567, -0.76557008, -0.74736438, -0.72079787, -0.76861348, -0.74750775
-0.72681656, -0.71497272, -0.76839733, -0.76557008, -0.68305045, -0.76010682, -0.76839733, -0.71497272, -0.72681656
-0.76913245, -0.74387102, -0.71783639, -0.74736438, -0.76010682, -0.68034226, -0.71783639, -0.74387102, -0.76913245
-0.76440734, -0.76135328, -0.68009046, -0.72079787, -0.76839733, -0.71783639, -0.68009046, -0.76135328, -0.76440734
-0.74840709, -0.68186937, -0.76135328, -0.76861348, -0.71497272, -0.74387102, -0.76135328, -0.68186937, -0.74840709
-0.68346836, -0.74840709, -0.76440734, -0.74750775, -0.72681656, -0.76913245, -0.76440734, -0.74840709, -0.68346836
