0.00962009, 0.00012580, -0.00606109, -0.00373864, 0.00346271, -0.00580485, -0.00606109, 0.00012580, 0.00962009
0.00012580, 0.00893850, -0.00463497, -0.00555644, 0.00466706, -0.00289203, -0.00463497, 0.00893850, 0.00012580
-0.00606109, -0.00463497, 0.01031167, 0.00324211, -0.00595594, 0.00531275, 0.01031167, -0.00463497, -0.00606109
-0.00373864, -0.00555644, 0.00324211, 0.01109512, -0.00552000, -0.00038132, 0.00324211, -0.00555644, -0.00373864
0.00346271, 0.00466706, -0.00595594, -0.00552000, 0.00858187, -0.00481654, -0.00595594, 0.00466706, 0.00346271
-0.00580485, -0.00289203, 0.00531275, -0.00038132, -0.00481654, 0.00986277, 0.00531275, -0.00289203, -0.00580485
-0.00606109, -0.00463497, 0.01031167, 0.00324211, -0.00595594, 0.00531275, 0.01031167, -0.00463497, -0.00606109
0.00012580, 0.00893850, -0.00463497, -0.00555644, 0.00466706, -0.00289203, -0.00463497, 0.00893850, 0.00012580
0.00962009, 0.00012580, -0.00606109, -0.00373864, 0.00346271, -0.00580485, -0.00606109, 0.00012580, 0.00962009
